         870
 
O                37.2899         5.9628        41.6027
C                36.8373         5.2462        40.7294
C                35.8318         4.1459        41.0274
C                36.2281         3.5167        42.3759
C                37.5753         2.7732        42.3133
C                37.7369         1.9049        41.0517
O                36.4540        23.8242        30.7635
C                35.3196        23.3851        30.8031
C                34.4834        23.5583        29.5457
C                33.1657        22.8158        29.2560
C                32.6468        22.8909        27.8080
C                31.4001        22.0300        27.5316
O                 6.9183        39.0186        38.6977
C                 7.0876        40.1144        38.1960
C                 8.3984        40.6967        37.6929
C                 9.7359        39.9611        37.8974
C                11.0409        40.1747        37.1083
C                12.3062        39.6173        37.7865
O                21.1289        55.7851        21.3120
C                22.0183        55.9072        22.1337
C                21.8364        55.7247        23.6317
C                20.4003        55.4309        24.1039
C                20.3141        55.2964        25.6355
C                18.9582        54.8904        26.2425
O                20.4072        57.9312        53.2879
C                19.4374        58.5453        53.6921
C                18.4602        57.8869        54.6524
C                18.9326        57.7764        56.1139
C                19.2258        59.1205        56.8060
C                18.0693        60.1366        56.8462
O                16.8828         6.8811         9.4611
C                16.0861         7.7870         9.6218
C                14.7483         7.7414         8.9018
C                14.7425         8.8153         7.7980
C                16.1012         9.1674         7.1644
C                15.9640         9.6404         5.7052
O                15.1382        36.3547         9.2548
C                14.7954        35.3356         9.8251
C                15.6785        34.9892        11.0128
C                16.9848        34.2825        10.6058
C                17.9176        34.0122        11.8010
C                18.5033        35.3347        12.3299
O                42.5073        25.1772        17.5870
C                41.6050        25.9920        17.5307
C                41.3492        26.8611        16.3102
C                41.7506        26.3647        14.9087
C                41.0231        27.1822        13.8251
C                41.2011        26.5907        12.4144
O                11.5239        52.5996        42.0820
C                11.2117        52.2594        40.9560
C                10.4911        51.0699        40.3427
C                10.1968        49.9431        41.3502
C                 8.9670        49.0886        40.9910
C                 8.5530        48.0626        42.0622
O                 3.9291        57.9403        31.0774
C                 3.0783        57.1036        30.8383
C                 1.7943        57.2565        30.0394
C                 1.6590        58.7790        29.8519
C                 0.2668        59.3800        29.5834
C                 0.4217        60.8120        29.0385
O                18.3518        40.7288         8.2175
C                19.1622        39.8467         8.0023
C                20.2555        39.9479         6.9513
C                21.5599        40.0485         7.7638
C                22.8968        39.7473         7.0613
C                24.1288        39.7351         7.9852
O                16.0719        25.2005        -0.3128
C                16.8606        24.3619         0.0817
C                18.0123        24.9201         0.9018
C                18.1604        24.3020         2.3045
C                18.3150        22.7711         2.2402
C                18.4272        22.3282         3.7109
O                27.5899        33.9182        57.5910
C                28.6509        33.3563        57.7899
C                29.8190        33.9172        58.5844
C                29.4442        35.3218        59.0925
C                30.6451        36.2385        59.3907
C                31.7143        35.6546        60.3328
O                 5.8163        31.6010        30.0987
C                 4.7467        31.9440        30.5669
C                 4.6479        33.3228        31.1990
C                 5.8463        33.7364        32.0732
C                 5.9870        35.2678        32.1554
C                 4.6484        35.9898        32.3972
O                60.1098         1.6125        47.3171
C                59.3912         0.6340        47.4021
C                57.8970         0.7362        47.6612
C                57.2096         0.7802        46.2838
C                55.6758         0.6422        46.2825
C                54.9604         0.7882        44.9266
O                25.7008        21.6652        55.5115
C                25.2053        22.2899        56.4309
C                26.0881        23.0614        57.3984
C                27.5678        23.1534        56.9819
C                28.4062        24.0654        57.8968
C                29.0241        23.3989        59.1401
O                 1.9686        41.9936         3.8326
C                 3.0647        41.5354         4.0966
C                 3.7629        40.4275         3.3249
C                 2.7976        39.5954         2.4604
C                 1.9693        38.4812         3.1268
C                 0.8599        38.8474         4.1302
O                51.0788         2.6325        12.7934
C                50.7425         1.5292        13.1815
C                49.5993         0.7694        12.5286
C                49.1505        -0.4863        13.2989
C                48.2205        -1.3662        12.4430
C                47.9888        -2.6523        13.2576
O                27.9940         8.5616        44.0285
C                28.0470         9.2125        43.0015
C                28.4320         8.4480        41.7455
C                28.4506         6.9162        41.9031
C                28.8026         6.0196        40.7015
C                27.9647         6.4513        39.4836
O                 1.3591        34.8136        39.1221
C                 2.1158        35.5076        39.7754
C                 2.0457        36.0791        41.1822
C                 3.2426        36.9477        41.6118
C                 3.0922        37.4626        43.0553
C                 4.1062        38.5437        43.4729
O                22.6451        37.8770        40.0478
C                23.7283        37.5835        39.5769
C                24.8594        36.8306        40.2582
C                25.8304        36.3659        39.1569
C                26.7460        37.3777        38.4432
C                26.8682        37.1763        36.9213
O                24.5359        29.0213        51.6320
C                24.4359        27.8089        51.5984
C                24.8099        27.2344        52.9550
C                25.3804        28.2128        53.9985
C                26.0118        27.5029        55.2104
C                27.0622        28.2345        56.0666
O                45.6292        24.7168        34.4680
C                45.9544        23.8755        35.2851
C                47.4029        23.7367        35.7246
C                48.3730        23.7009        34.5291
C                49.7589        24.3567        34.6726
C                50.6724        23.9425        33.5039
O                 3.3676        23.0756        26.9902
C                 3.3587        23.6433        28.0667
C                 2.1854        23.9633        28.9785
C                 1.3913        25.2238        28.5885
C                 2.0729        26.5977        28.4492
C                 1.3998        27.6411        27.5382
O                55.9797        52.1815        35.5824
C                55.9698        52.9027        34.6022
C                56.8124        54.1678        34.6104
C                57.7508        54.1652        33.3893
C                58.2860        55.6042        33.2690
C                59.2576        56.1769        34.3176
O                11.8631        43.1029        11.7937
C                11.1855        43.0434        10.7846
C                10.2810        44.0152        10.0443
C                10.4200        45.4548        10.5733
C                 9.3600        46.5282        10.2639
C                 9.9853        47.9312        10.1535
O                19.5674        48.7016        28.5878
C                20.2729        48.6176        27.5998
C                21.2638        49.6512        27.0896
C                21.6637        49.2624        25.6542
C                23.1388        49.6271        25.4041
C                23.7006        49.5353        23.9732
O                11.1862        47.8954        36.9674
C                12.3554        48.1656        37.1704
C                13.0057        48.4294        38.5186
C                13.7486        47.2253        39.1268
C                15.0263        46.8739        38.3423
C                15.7932        45.6109        38.7762
O                14.6000        34.3477        43.9018
C                14.2175        33.3344        44.4568
C                15.1552        32.1442        44.5770
C                16.6186        32.2478        44.1085
C                17.1322        32.1675        42.6590
C                16.9204        30.7599        42.0712
O                17.1958         9.4724        39.7887
C                16.0674         9.0167        39.7939
C                15.2952         8.2076        38.7645
C                16.2373         7.8297        37.6064
C                15.5615         6.6327        36.9121
C                16.6198         5.8166        36.1469
O                15.4741        10.7696        36.6994
C                15.4302        11.7753        37.3833
C                15.5929        13.0089        36.5104
C                15.1865        12.9913        35.0251
C                15.3539        14.3624        34.3441
C                15.2568        14.3468        32.8073
O                42.2308        30.4954        22.5628
C                41.7166        31.5946        22.6549
C                40.3305        31.8749        23.2122
C                39.7321        30.6125        23.8601
C                38.4564        30.7880        24.7047
C                38.7643        31.5123        26.0284
O                25.3353        21.6753        49.9319
C                25.3302        21.2462        51.0707
C                24.2429        20.3316        51.6109
C                23.3946        20.8651        52.7803
C                22.4655        19.8034        53.3976
C                21.5281        20.0371        54.5969
O                10.6895         9.4150         0.9014
C                 9.4888         9.3632         1.0930
C                 8.9544        10.4831         1.9709
C                 7.8789        11.3815         1.3323
C                 6.9194        11.9968         2.3679
C                 6.0877        13.0331         1.5895
O                -0.3213        35.0110        11.0482
C                -0.3908        33.7980        11.1186
C                 0.6223        32.7365        10.7222
C                 1.9006        33.3040        10.0776
C                 2.6894        32.1426         9.4447
C                 3.6495        32.3511         8.2589
O                -1.2544         0.9166        40.1781
C                -0.0862         1.0790        39.8778
C                 0.3788         1.2090        38.4366
C                 1.8551         0.8161        38.2420
C                 1.8201        -0.5602        37.5520
C                 3.1668        -1.3069        37.5694
O                32.2609        43.6146        44.7266
C                33.3568        43.6998        44.2041
C                33.3093        43.3432        42.7273
C                33.7741        41.9607        42.2331
C                34.0020        42.1057        40.7170
C                35.0021        41.0231        40.2702
O                11.1030        53.5314         6.8190
C                11.0146        54.3667         7.6997
C                10.0786        54.0953         8.8661
C                 9.9265        55.4638         9.5558
C                 9.2046        55.4766        10.9161
C                 8.7306        56.8784        11.3427
O                 8.8603        44.6628        35.9544
C                 7.9058        45.3822        35.7252
C                 7.0172        45.0069        34.5506
C                 5.5172        45.2536        34.7973
C                 4.8026        44.6983        36.0434
C                 4.9206        43.1681        35.9162
O                27.4638         3.0845        37.9440
C                26.6900         2.1592        38.1062
C                27.1780         0.7300        38.2777
C                28.7150         0.6974        38.3675
C                29.3211         0.9715        39.7565
C                30.7748         1.4375        39.5541
O                32.3484        23.2446        40.7438
C                33.2219        22.6471        41.3446
C                33.1678        22.0043        42.7210
C                31.7547        21.9469        43.3304
C                30.7689        20.9598        42.6781
C                29.4518        20.8301        43.4655
O                48.2419        52.1282         6.8189
C                49.4533        52.1816         6.7147
C                50.1233        53.4589         6.2351
C                51.2193        53.8129         7.2573
C                50.7622        54.8209         8.3281
C                51.8394        55.5417         9.1597
O                19.3042        13.4340         2.0104
C                18.6867        13.3114         3.0519
C                19.2037        12.7660         4.3731
C                20.2921        11.6823         4.2602
C                20.7580        11.3610         5.6924
C                21.4048        12.5742         6.3862
O                20.1555        27.7462        50.8439
C                20.2380        28.2199        49.7259
C                19.3154        29.3930        49.4377
C                17.8842        29.2988        49.9982
C                16.8116        30.3499        49.6571
C                15.4056        29.9289        50.1236
O                24.2825        33.0199        40.4875
C                24.5438        31.9983        39.8800
C                23.3760        31.1267        39.4476
C                23.3317        29.7626        40.1610
C                22.7949        29.7865        41.6042
C                22.7398        28.3989        42.2700
O                24.1668        36.6897        10.2851
C                23.5495        36.4394        11.3036
C                22.4874        35.3557        11.3921
C                21.8240        34.9322        10.0684
C                20.6018        35.7604         9.6303
C                20.1060        35.3673         8.2263
O                17.7378        43.8671        11.6492
C                17.9057        44.6864        10.7652
C                19.0383        44.4329         9.7837
C                20.2061        45.4256         9.9339
C                21.0170        45.3033        11.2374
C                22.2419        46.2347        11.1766
O                28.1089        28.2216         7.1726
C                28.7027        28.9658         7.9307
C                30.1171        28.9129         8.4849
C                30.7139        27.4948         8.5512
C                30.0515        26.4313         9.4465
C                30.1430        26.8901        10.9138
O                11.5823        57.3279        41.3573
C                12.4836        56.9247        42.0686
C                13.7833        56.3394        41.5406
C                14.8365        57.4204        41.8467
C                15.0364        57.6705        43.3530
C                15.7111        58.9623        43.8505
O                19.2250        13.0966        18.3544
C                18.0789        13.0833        17.9454
C                17.0597        12.5573        18.9429
C                17.5313        12.1395        20.3481
C                16.5287        11.5719        21.3700
C                16.8799        11.9639        22.8172
O                 1.2187        29.4391        52.9803
C                 0.8919        29.7715        51.8561
C                 1.8632        29.7026        50.6890
C                 2.4934        31.0917        50.4770
C                 3.7979        31.0805        49.6585
C                 4.6517        29.8014        49.5775
O                47.9337        47.8151        58.8952
C                47.0209        48.3136        58.2632
C                47.0983        49.7804        57.8724
C                48.3939        50.6013        58.0109
C                48.4894        51.9890        57.3501
C                48.7511        52.1708        55.8435
O                32.3638        19.5151        54.1132
C                33.4080        19.0076        54.4781
C                33.7339        19.0795        55.9610
C                33.0837        20.0958        56.9180
C                33.4239        19.9591        58.4138
C                32.5034        20.8818        59.2340
O                34.5304        37.8025         5.3568
C                35.6246        37.9027         4.8336
C                35.8302        37.9877         3.3300
C                34.5859        37.8801         2.4291
C                34.8679        37.8211         0.9163
C                33.7525        38.1899        -0.0795
O                12.5407        23.2537        57.7230
C                12.3433        24.2054        58.4555
C                12.5867        25.6299        57.9845
C                13.3943        25.3444        56.7047
C                14.0873        26.6362        56.2329
C                14.8711        26.3279        54.9436
O                34.9815        47.8871        42.7825
C                34.8743        47.6842        43.9777
C                33.9948        48.4862        44.9231
C                34.8277        49.6541        45.4832
C                36.0982        49.3235        46.2883
C                35.7382        48.3801        47.4511
O                18.2676        16.5581        40.9160
C                17.7463        16.4533        42.0106
C                17.4749        17.7377        42.7768
C                18.1381        19.0018        42.1990
C                17.6820        20.3618        42.7592
C                18.3963        21.6100        42.2084
O                47.3210        48.9079         5.4329
C                46.5782        49.2705         6.3261
C                45.0831        49.0771         6.1325
C                44.3289        49.3442         7.4484
C                43.5363        50.6608         7.5478
C                42.2915        50.7355         6.6442
O                12.2480         9.2956        11.0281
C                11.9624         8.5476        10.1116
C                11.3223         7.2071        10.4336
C                10.5434         7.1595        11.7612
C                 9.1910         7.7974        11.3930
C                 8.1486         7.7284        12.5245
O                37.5870        47.0896         7.8084
C                36.9471        47.4816         8.7665
C                37.1780        47.1225        10.2253
C                38.5796        46.5714        10.5472
C                39.3011        47.3490        11.6636
C                38.5359        47.3720        12.9999
O                20.6314         4.9863        25.9633
C                21.1175         3.8865        26.1508
C                22.5998         3.5806        26.2907
C                23.3599         4.9106        26.1321
C                24.8825         4.7633        25.9545
C                25.5444         4.3730        27.2891
O                23.3784        35.1705        56.3654
C                23.8821        35.9877        57.1134
C                23.7914        37.4186        56.6085
C                25.1330        37.9513        56.0719
C                25.9261        38.5010        57.2720
C                25.1066        39.6437        57.8998
O                43.9427        30.8437        49.3587
C                43.3732        29.8957        49.8667
C                41.9555        29.9869        50.4073
C                40.9414        29.1052        49.6551
C                41.3687        27.6257        49.6492
C                40.2467        26.5847        49.4794
O                31.9123        25.2640        35.8805
C                32.9339        24.7642        36.3138
C                34.0223        25.6707        36.8652
C                35.3678        24.9743        36.5888
C                36.2242        25.6418        35.4967
C                37.5740        25.0000        35.1255
O                28.6285        28.1926        35.0039
C                29.3133        27.3133        35.4928
C                29.6875        27.2805        36.9656
C                29.0410        26.0584        37.6439
C                28.5578        26.3262        39.0814
C                27.6336        25.2244        39.6322
O                38.1032        43.2205        36.9745
C                38.9321        42.7793        37.7487
C                38.8578        42.9956        39.2514
C                37.4921        43.4765        39.7761
C                37.4833        44.3918        41.0146
C                37.4308        43.3537        42.1509
O                 9.1020         9.7926        20.5656
C                 8.8535         9.0119        21.4655
C                 9.6140         7.6970        21.4083
C                 9.4339         6.6820        22.5524
C                10.3859         5.4882        22.3521
C                11.9098         5.5907        22.5489
O                15.2184        23.8605        28.8611
C                14.1999        24.0764        28.2309
C                13.6804        22.9102        27.4058
C                14.4773        21.6105        27.6229
C                14.0292        20.7033        28.7839
C                15.0104        19.6209        29.2710
O                47.3816         4.9447        12.2247
C                48.0341         5.4766        13.1035
C                47.6157         6.7151        13.8791
C                46.7891         7.6291        12.9556
C                46.1697         8.8101        13.7258
C                44.6857         8.4238        13.8676
O                17.9402        34.7706        39.5201
C                18.4578        35.8660        39.6344
C                19.7935        36.1155        38.9530
C                20.4434        34.7815        38.5411
C                21.4436        34.8522        37.3723
C                21.0022        34.6665        35.9086
O                43.6047        18.3060         7.8096
C                44.5651        18.2040         8.5501
C                45.9132        17.8333         7.9538
C                45.7690        16.7723         6.8470
C                46.8630        16.4071         5.8264
C                48.1552        16.6489         6.6285
O                 2.6277        58.2938        42.9311
C                 3.8381        58.4159        42.9638
C                 4.7101        57.7539        44.0182
C                 3.8783        56.9871        45.0630
C                 4.8982        56.6865        46.1770
C                 6.0139        55.6910        45.8085
O                44.3014        42.5774        39.4422
C                44.1088        41.4900        38.9307
C                42.7103        40.8985        38.8612
C                42.1842        40.2209        40.1402
C                40.8373        39.4747        40.1628
C                40.5633        38.5596        41.3706
O                53.7965        59.6511        40.1793
C                54.6037        58.7447        40.0905
C                54.8086        57.8145        41.2750
C                55.5796        56.5268        40.9299
C                55.4179        55.6235        42.1666
C                54.0120        55.0247        42.3577
O                21.5291        37.6879        60.0404
C                20.4221        37.5278        60.5200
C                19.1094        37.8829        59.8408
C                19.1263        39.0280        58.8112
C                20.1443        38.8276        57.6732
C                20.6712        40.2090        57.2423
O                19.2051        46.0898        21.0330
C                18.3867        45.6344        21.8101
C                18.0805        44.1484        21.9025
C                16.7835        43.9150        22.6994
C                16.8786        44.7567        23.9855
C                17.9831        44.1905        24.8971
O                19.3915        49.6788        35.4430
C                18.9444        49.1816        34.4261
C                18.7440        47.6854        34.6037
C                19.3063        46.8091        33.4690
C                18.9528        45.3196        33.6356
C                19.4939        44.5897        34.8790
O                37.7611         2.5603        51.7683
C                36.8756         3.2564        52.2293
C                35.4329         2.8043        52.3860
C                35.2193         1.5247        51.5561
C                33.8010         1.0369        51.2066
C                33.7529        -0.3236        50.4865
O                30.5801         4.1594        46.5369
C                30.3262         5.3483        46.5915
C                30.3483         6.1754        45.3164
C                31.6240         5.9242        44.4911
C                31.7500         7.0624        43.4615
C                32.6415         6.8473        42.2243
O                21.4659        36.6007         4.3804
C                21.4454        35.4275         4.7034
C                22.7471        34.7141         5.0305
C                23.8095        35.7908         5.3196
C                25.2071        35.2728         5.7071
C                26.2052        36.4358         5.8580
O                51.1557        46.4723         1.7559
C                51.3429        45.3328         2.1400
C                50.3260        44.2195         1.9482
C                49.3005        44.6295         0.8749
C                48.2752        43.5452         0.4944
C                47.0217        44.1033        -0.2047
O                43.1158        42.0616        32.8691
C                42.6511        43.0610        33.3851
C                43.4116        44.0710        34.2288
C                44.3399        43.5698        35.3507
C                45.8767        43.5088        35.2722
C                46.6127        43.1364        36.5727
O                55.2047        26.0342        23.2292
C                56.0565        25.2395        22.8772
C                57.4166        25.1910        23.5541
C                58.7153        25.3116        22.7353
C                59.9926        25.4925        23.5764
C                60.1374        26.8729        24.2435
O                25.0466        50.2501        20.4909
C                26.2169        50.3799        20.7984
C                27.2979        49.9688        19.8120
C                26.8396        48.7762        18.9523
C                25.8653        48.7996        17.7599
C                26.7100        48.9445        16.4805
O                57.3541        34.0346        21.3669
C                56.7469        33.0273        21.0542
C                56.2429        32.7584        19.6456
C                54.7368        33.0681        19.5615
C                54.0747        33.2678        18.1855
C                54.4705        32.0688        17.3038
O                45.3366         2.6432        26.3593
C                45.5181         1.4891        26.7004
C                45.4421         1.1772        28.1861
C                44.7709         2.1789        29.1442
C                43.2353         2.2308        29.2476
C                42.5675         2.9719        30.4209
O                28.8654        19.4674        53.0919
C                29.6151        18.6042        52.6749
C                29.4323        17.6757        51.4854
C                27.9745        17.9199        51.0533
C                27.8729        17.8764        49.5173
C                26.5708        18.4481        48.9261
O                11.3099        37.7934         8.4295
C                12.5199        37.9134         8.3775
C                13.0368        38.9422         7.3852
C                13.9010        40.0169         8.0704
C                14.9617        40.5598         7.0947
C                14.7780        42.0746         6.8869
O                28.4731        31.9676        10.1779
C                27.6151        32.7366        10.5699
C                26.3136        32.9703         9.8204
C                25.8017        31.6966         9.1223
C                25.5639        30.4411         9.9819
C                25.2835        29.1665         9.1643
O                18.9835        24.8441        11.4059
C                19.8793        25.3936        12.0195
C                20.0340        25.6680        13.5065
C                18.8821        25.2904        14.4564
C                18.5173        23.7943        14.4464
C                19.5180        22.6475        14.6809
O                29.4249        26.8098        59.6823
C                30.0828        27.7211        59.2156
C                31.1600        27.7140        58.1433
C                32.3515        28.6809        58.2743
C                33.4102        28.7777        57.1601
C                33.5054        30.1969        56.5699
O                30.2311        25.1169        52.2860
C                29.6100        24.1004        52.0372
C                30.3143        22.7542        52.0848
C                31.0317        22.4103        50.7662
C                30.1299        22.0067        49.5850
C                30.9433        21.2845        48.4948
O                16.5829         4.6573        28.8765
C                16.4160         5.4800        29.7576
C                15.3308         6.5437        29.7900
C                14.4555         6.2910        28.5484
C                13.0769         6.9349        28.7860
C                12.2228         6.9513        27.5046
O                 7.1020        42.9292        13.3520
C                 6.1082        42.2329        13.4447
C                 5.9763        40.7911        13.9075
C                 6.9962        40.4456        15.0084
C                 6.9014        41.1882        16.3542
C                 8.0168        40.6909        17.2923
O                44.0936        60.1410         4.4437
C                43.9073        60.1196         3.2412
C                44.5801        59.0757         2.3650
C                43.5915        58.1708         1.6064
C                44.2089        56.7629         1.5156
C                44.5898        56.4330         2.9708
O                49.3171        34.7590        12.7197
C                49.0815        33.8015        13.4330
C                48.8597        32.3877        12.9207
C                47.6301        32.1421        12.0266
C                47.6429        30.7311        11.4097
C                46.3378        30.4379        10.6466
O                54.8553        22.6657        20.9645
C                53.8874        23.2036        21.4695
C                52.6035        22.9770        20.6881
C                52.7340        22.3039        19.3092
C                52.0548        20.9260        19.2015
C                52.8406        19.8263        19.9396
O                37.5522        34.0446         5.2331
C                38.2209        33.5234         4.3600
C                38.4976        32.0331         4.4725
C                37.2794        31.3088         5.0749
C                37.6197        29.9754         5.7662
C                38.0273        28.7217         4.9701
O                32.5996        31.0345         6.7502
C                32.2801        31.7482         5.8177
C                32.0019        31.4095         4.3622
C                32.0343        29.9698         3.8164
C                31.0089        29.0243         4.4692
C                31.1967        27.5446         4.0860
O                52.1244        56.1183        32.9956
C                52.0402        56.7438        34.0362
C                50.7078        57.2532        34.5612
C                49.5608        56.7939        33.6420
C                48.2621        57.4692        34.1204
C                46.9207        57.0161        33.5147
O                 1.0365        17.4037        23.8985
C                 0.5525        18.3667        24.4638
C                -0.4327        19.2301        23.6929
C                -0.8650        18.5507        22.3802
C                -0.7438        19.6265        21.2849
C                 0.7758        19.6733        21.0392
O                37.7097        19.3131         5.5817
C                37.4659        19.5146         6.7569
C                38.6056        19.7235         7.7406
C                38.9932        21.1698         8.1007
C                40.1423        21.3873         9.1026
C                39.8081        20.6099        10.3892
O                57.9038         6.5380        34.6913
C                57.8608         7.1225        35.7579
C                56.4998         7.6289        36.2069
C                55.9053         8.6819        35.2532
C                56.5435        10.0687        35.4555
C                58.0702        10.1603        35.6354
O                51.8457        29.5812        31.3670
C                51.0243        30.1164        30.6460
C                51.2114        31.4923        30.0276
C                52.3624        32.1875        30.7782
C                52.6601        33.5739        30.1777
C                51.6967        34.7738        30.1173
O                20.8202        30.1838        46.9456
C                21.6799        30.6106        46.1974
C                21.3055        30.9871        44.7731
C                21.8585        32.3431        44.2966
C                21.3330        32.7520        42.9080
C                21.7297        34.2080        42.6006
O                14.8844        13.8141        43.7828
C                15.5509        12.8499        44.1101
C                14.9878        11.8738        45.1302
C                15.1922        10.4587        44.5582
C                14.6634         9.2875        45.4068
C                14.8177         7.9251        44.7057
O                46.1359        51.8868        21.4408
C                47.3456        51.9350        21.5647
C                48.2601        52.6263        20.5667
C                47.9172        52.2880        19.1040
C                47.7672        53.3225        17.9730
C                47.1765        52.8807        16.6212
O                22.0391         4.6593        44.4500
C                22.7029         5.3797        43.7279
C                22.1197         5.8617        42.4095
C                22.9974         5.4902        41.1998
C                23.5906         4.0947        41.4693
C                24.5310         3.5835        40.3621
O                16.8345        40.2799        20.8405
C                17.3783        39.8723        19.8309
C                18.8112        40.1634        19.4157
C                19.7736        38.9996        19.7174
C                21.2170        39.2052        19.2215
C                22.0361        37.9714        19.6437
O                49.8587         4.3199        30.3962
C                50.9365         4.4507        30.9460
C                52.2729         3.9854        30.3911
C                52.5151         3.5317        28.9395
C                53.9873         3.3381        28.5315
C                54.2383         3.3620        27.0122
O                39.6048        53.8969        42.8087
C                39.1685        52.9207        42.2275
C                39.7479        52.0931        41.0919
C                41.1177        52.3764        40.4476
C                41.4021        53.6803        39.6791
C                42.3885        54.6847        40.3034
O                16.8527        47.6596        41.7172
C                17.7638        47.7609        40.9168
C                18.8018        46.6599        40.7734
C                18.5449        45.5366        41.7952
C                17.6842        44.3622        41.2937
C                18.5398        43.4284        40.4175
O                50.4823        28.2931        25.3400
C                49.3106        28.1305        25.6259
C                48.4118        29.3555        25.5823
C                49.0447        30.6743        25.1010
C                48.0914        31.7620        24.5720
C                46.9201        31.0231        23.8985
O                28.8753        40.0693        19.5258
C                29.3118        39.9139        20.6511
C                29.9970        41.1068        21.2975
C                29.8296        42.4243        20.5178
C                30.9159        43.4659        20.8444
C                30.6416        43.6646        22.3467
O                 9.8214        10.4000         7.9283
C                 9.4261        11.1163         8.8292
C                 9.8507        12.5556         8.5872
C                 8.8125        13.5452         9.1481
C                 9.3076        14.9920         8.9663
C                 8.1286        15.9357         8.6646
O                22.1174        31.2559        53.6045
C                23.1057        31.3142        54.3124
C                22.9534        31.7685        55.7549
C                23.7953        30.8956        56.7040
C                23.8398        31.3894        58.1620
C                22.6177        31.3334        59.0973
O                32.9799        29.6009        29.7698
C                31.8546        29.1512        29.8817
C                30.7166        30.0239        29.3781
C                29.9578        30.7760        30.4873
C                29.5437        29.9744        31.7353
C                28.5951        28.7613        31.7228
O                12.8057         8.0210         4.5777
C                13.4907         7.0603         4.2795
C                13.9063         6.7139         2.8591
C                15.4027         6.8149         2.5092
C                15.8682         6.3406         1.1200
C                15.6355         7.2923        -0.0681
O                20.4117        39.1389        10.7168
C                19.7662        40.0844        11.1296
C                20.0626        40.8536        12.4066
C                20.9842        39.9325        13.2276
C                21.4272        40.2840        14.6599
C                22.7474        39.8176        15.3010
O                36.3073        26.4438        16.6712
C                36.1115        25.2467        16.5723
C                37.1208        24.4609        15.7511
C                36.3937        23.9606        14.4891
C                37.2590        23.1304        13.5228
C                36.6944        22.0184        12.6193
O                22.4624        15.8053        40.5210
C                22.1474        15.0913        39.5871
C                20.8896        14.2381        39.5765
C                21.1867        12.7370        39.4026
C                22.1461        12.1774        40.4694
C                21.8818        12.6134        41.9226
O                19.1350        28.1882        56.8559
C                17.9333        28.0689        57.0073
C                17.3573        29.1713        57.8811
C                17.1470        28.8218        59.3661
C                16.6069        30.1209        59.9924
C                15.7724        29.8657        61.2613
O                32.7117        60.4959         8.1671
C                32.5253        59.8388         7.1598
C                33.6824        59.2210         6.3917
C                34.8859        59.2682         7.3514
C                35.6064        57.9196         7.1676
C                34.9709        56.5266         7.3333
O                35.6226        50.4129        15.7286
C                35.6686        49.1972        15.6980
C                35.1154        48.4566        14.4914
C                34.3433        49.3220        13.4782
C                33.2565        48.9140        12.4663
C                33.5516        47.9236        11.3245
O                10.7797        17.5620        46.7573
C                10.0335        17.8483        45.8395
C                10.5508        18.2046        44.4554
C                 9.6939        17.7098        43.2753
C                 8.4773        18.6489        43.1775
C                 7.4886        18.2352        42.0717
O                 7.2747        53.0636         4.3670
C                 6.9584        52.1777         5.1393
C                 6.6782        50.7505         4.6979
C                 7.0194        49.6782         5.7494
C                 6.7991        50.1641         7.1940
C                 5.5475        49.7907         8.0100
O                35.8144         2.0531        32.0320
C                35.8507         0.9534        31.5119
C                37.0531         0.0852        31.8449
C                38.1362         0.6573        32.7782
C                39.3613        -0.2213        33.0924
C                40.5888         0.5226        33.6505
O                40.6950        49.2660         1.4628
C                41.6914        49.1075         2.1434
C                42.5846        47.8818         2.0428
C                42.0973        46.5108         2.5473
C                42.1324        46.2956         4.0718
C                43.5844        46.1316         4.5580
O                10.5331        17.0387        34.2225
C                 9.5703        17.7666        34.3784
C                 8.2895        16.9867        34.1303
C                 8.4826        15.4596        34.1796
C                 8.4252        14.8535        35.5942
C                 7.7920        13.4549        35.7142
O                21.4652        22.0761         8.1145
C                20.9895        20.9783         8.3375
C                20.2461        20.8005         9.6513
C                21.2049        20.2131        10.7035
C                20.4889        19.9843        12.0476
C                21.2417        19.3812        13.2481
O                47.5235        24.5547        26.6063
C                48.1667        24.3810        27.6246
C                47.3696        24.3949        28.9187
C                47.4785        25.7254        29.6864
C                46.3645        25.8573        30.7415
C                45.9479        27.2763        31.1713
O                17.1541        47.6455        54.7079
C                17.5331        46.6245        54.1648
C                18.1531        45.4690        54.9334
C                17.8153        45.4499        56.4358
C                18.5069        44.3434        57.2537
C                18.0548        44.4444        58.7223
O                15.7130        39.5688        10.6593
C                15.8741        40.6461        11.2021
C                14.8138        41.2566        12.1040
C                13.9155        40.2030        12.7780
C                14.4826        39.4000        13.9635
C                14.4366        40.3340        15.1871
O                28.7349        31.5184        34.4596
C                28.1396        32.5295        34.7828
C                27.0821        32.6998        35.8613
C                26.1670        33.9262        35.6876
C                25.5877        34.0783        34.2688
C                25.0672        35.4631        33.8413
O                25.5684        31.6636         5.3333
C                25.6676        30.4581         5.1991
C                26.0978        29.6856         3.9627
C                27.0425        30.4640         3.0283
C                26.9016        29.9196         1.5947
C                27.5930        30.6410         0.4229
O                31.4424        34.5164        40.5602
C                32.1256        33.5252        40.3812
C                32.6961        33.3074        38.9893
C                33.7973        34.3039        38.5820
C                34.9300        34.3604        39.6238
C                36.1775        35.1187        39.1336
O                31.3627        42.9315        34.7390
C                31.9619        41.8887        34.9250
C                33.1817        41.3698        34.1812
C                34.1039        40.4089        34.9544
C                33.4418        39.0483        35.2411
C                34.2969        38.1249        36.1286
O                43.6644        48.6408        12.2428
C                42.7134        49.3945        12.3355
C                42.6648        50.7378        11.6257
C                42.1646        51.9007        12.5027
C                42.2070        53.2531        11.7673
C                40.7808        53.7584        11.4799
O                 5.1185         5.7097         1.8181
C                 5.3104         4.7414         2.5299
C                 6.4549         3.8173         2.1472
C                 7.4898         4.4110         1.1734
C                 8.6589         3.4144         1.0672
C                 8.4216         2.2579         0.0784
O                25.8235        28.9737        37.6006
C                25.4624        29.2352        36.4682
C                24.8926        28.2869        35.4259
C                24.4273        28.7484        34.0322
C                23.9954        27.5986        33.1033
C                24.4975        27.7298        31.6534
O                42.2797        56.6274        44.9559
C                42.1585        55.4889        44.5431
C                43.0332        54.2746        44.8086
C                43.3248        53.3895        43.5825
C                43.8244        52.0413        44.1340
C                43.0227        51.1525        45.1029
O                14.1639        25.3281        16.1191
C                14.2681        25.1213        14.9244
C                13.0633        24.6275        14.1402
C                11.7046        24.5385        14.8597
C                10.5841        23.9317        13.9950
C                 9.3560        23.8473        14.9205
O                 8.0725        42.5486        31.5110
C                 8.3726        41.4281        31.8790
C                 9.2345        41.3373        33.1277
C                 9.7641        42.7135        33.5715
C                10.6935        43.6617        32.7913
C                11.6950        44.5335        33.5715
O                28.4403        12.6180        33.5972
C                28.2136        11.6818        34.3411
C                26.8265        11.1080        34.5799
C                25.7317        11.7469        33.7054
C                24.4089        10.9585        33.6880
C                23.2620        11.9379        33.3768
O                14.3481        24.4119        31.6421
C                14.7000        24.0778        32.7582
C                14.2757        22.6551        33.0843
C                13.6574        21.7977        31.9644
C                12.6278        20.8060        32.5372
C                11.9915        21.4301        33.7930
